Iteration	CPUTime	PhysTime	Travels	Value	AvValue	MinValue	MaxValue	Delta	Criteria	PrevAvRefValue	Progress	CriteriaType	CriteriaVarType	CriteriaPercentage
1	3	0	0.0109248413	101771.099	101771.099	101771.099	101771.099	0	0	0	0	0	0	3
2	3	0	0.0218496826	101458.785	101614.942	101458.785	101771.099	156.156786	0	0	0	0	0	3
3	4	0	0.0327745239	101442.006	101557.297	101442.006	101771.099	213.802314	0	0	0	0	0	3
4	4	0	0.0436993652	101392.163	101516.013	101392.163	101771.099	255.085795	0	0	0	0	0	3
5	5	0	0.0546242065	101438.357	101500.482	101392.163	101771.099	270.616981	0	0	0	0	0	3
6	5	0	0.0655490478	101391.435	101482.307	101391.435	101771.099	288.791458	0	0	0	0	0	3
7	6	0	0.0764738891	101419.334	101473.311	101391.435	101771.099	297.787633	0	0	0	0	0	3
8	6	0	0.0873987304	101391.138	101463.04	101391.138	101771.099	308.059259	0	0	0	0	0	3
9	6	0	0.0983235717	101411.147	101457.274	101391.138	101771.099	313.825136	0	0	0	0	0	3
10	7	0	0.109248413	101391.169	101450.663	101391.138	101771.099	320.435591	0	0	0	0	0	3
11	8	0	0.120173254	101400.075	101446.064	101391.138	101771.099	325.034559	0	0	0	0	0	3
12	8	0	0.131098096	101390.604	101441.443	101390.604	101771.099	329.65626	0	0	0	0	0	3
13	9	0	0.142022937	101394.87	101437.86	101390.604	101771.099	333.23874	0	0	0	0	0	3
14	9	0	0.152947778	101390.39	101434.469	101390.39	101771.099	336.629438	0	0	0	0	0	3
15	10	0	0.16387262	101391.628	101431.613	101390.39	101771.099	339.485542	0	0	0	0	0	3
16	10	0	0.174797461	101390.165	101429.023	101390.165	101771.099	342.076064	0	0	0	0	0	3
17	11	0	0.185722302	101390.215	101426.74	101390.165	101771.099	344.358905	0	0	0	0	0	3
18	11	0	0.196647143	101390.138	101424.707	101390.138	101771.099	346.392354	0	0	0	0	0	3
19	11	0	0.207571985	101390.15	101422.888	101390.138	101771.099	348.211136	0	0	0	0	0	3
20	12	0	0.218496826	101390.216	101421.254	101390.138	101771.099	349.84473	0	0	0	0	0	3
21	13	0	0.229421667	101390.243	101419.777	101390.138	101771.099	351.321441	0	0	0	0	0	3
22	13	0	0.240346509	101390.246	101418.435	101390.138	101771.099	352.6638	0	0	0	0	0	3
23	14	0	0.25127135	101390.248	101417.21	101390.138	101771.099	353.889312	0	0	0	0	0	3
24	14	0	0.262196191	101390.239	101416.086	101390.138	101771.099	355.013085	0	0	0	0	0	3
25	15	0	0.273121033	101390.238	101415.052	101390.138	101771.099	356.046984	0	0	0	0	0	3
26	15	0	0.284045874	101390.226	101414.097	101390.138	101771.099	357.001833	0	0	0	0	0	3
27	16	0	0.294970715	101390.224	101413.213	101390.138	101771.099	357.886018	0	0	0	0	0	3
28	16	0	0.305895557	101390.223	101412.392	101390.138	101771.099	358.707077	0	0	0	0	0	3
29	17	0	0.316820398	101390.222	101411.627	101390.138	101771.099	359.471543	0	0	0	0	0	3
30	17	0	0.327745239	101390.224	101410.914	101390.138	101771.099	360.184977	0	0	0	0	0	3
31	18	0	0.33867008	101390.221	101410.246	101390.138	101771.099	360.852492	0	0	0	0	0	3
32	18	0	0.349594922	101390.235	101409.621	101390.138	101771.099	361.477851	0	0	0	0	0	3
33	19	0	0.360519763	101390.22	101409.033	101390.138	101771.099	362.065755	0	0	0	0	0	3
34	19	0	0.371444604	101390.253	101408.481	101390.138	101771.099	362.618098	0	0	0	0	0	3
35	20	0	0.382369446	101390.181	101407.958	101390.138	101771.099	363.140958	0	0	0	0	0	3
36	21	0	0.393294287	101390.251	101407.466	101390.138	101771.099	363.63281	0	0	0	0	0	3
37	21	0	0.404219128	101390.155	101406.998	101390.138	101771.099	364.100679	0	0	0	0	0	3
38	22	0	0.41514397	101390.222	101406.557	101390.138	101771.099	364.54216	0	0	0	0	0	3
39	22	0	0.426068811	101390.145	101406.136	101390.138	101771.099	364.962967	0	0	0	0	0	3
40	23	0	0.436993652	101390.215	101405.738	101390.138	101771.099	365.36098	0	0	0	0	0	3
41	23	0	0.447918493	101390.155	101405.358	101390.138	101771.099	365.741041	0	0	0	0	0	3
42	24	0	0.458843335	101390.229	101404.998	101390.138	101771.099	366.101258	0	0	0	0	0	3
43	25	0	0.469768176	101390.145	101404.652	101390.138	101771.099	366.446676	0	0	0	0	0	3
44	25	0	0.480693017	101390.199	101404.324	101390.138	101771.099	366.775156	0	0	0	0	0	3
45	26	0	0.491617859	101390.182	101404.009	101390.138	101771.099	367.089408	0	0	0	0	0	3
46	26	0	0.5025427	101390.222	101403.71	101390.138	101771.099	367.389143	0	0	0	0	0	3
47	27	0	0.513467541	101390.214	101395.43	101390.138	101458.785	68.6474062	0	0	0	0	0	3
48	28	0	0.524392383	101390.252	101393.94	101390.138	101442.006	51.8676089	0	0	0	0	0	3
49	28	0	0.535317224	101390.205	101392.814	101390.138	101438.357	48.2192532	0	0	0	0	0	3
50	29	0	0.546242065	101390.246	101392.772	101390.138	101438.357	48.2192532	0	0	0	0	0	3
51	29	0	0.557166906	101390.211	101391.725	101390.138	101419.334	29.196298	0	0	0	0	0	3
52	30	0	0.568091748	101390.258	101391.7	101390.138	101419.334	29.196298	0	0	0	0	0	3
53	31	0	0.579016589	101390.211	101391.067	101390.138	101411.147	21.0088331	0	0	0	0	0	3
54	31	0	0.58994143	101390.255	101391.047	101390.138	101411.147	21.0088331	0	0	0	0	0	3
55	32	0	0.600866272	101390.222	101390.593	101390.138	101400.075	9.93673971	0	0	0	0	0	3
56	32	0	0.611791113	101390.267	101390.573	101390.138	101400.075	9.93673971	0	0	0	0	0	3
57	33	0	0.622715954	101390.22	101390.359	101390.138	101394.87	4.7324773	0	0	0	0	0	3
58	34	0	0.633640796	101390.261	101390.351	101390.138	101394.87	4.7324773	0	0	0	0	0	3
59	34	0	0.644565637	101390.25	101390.251	101390.138	101391.628	1.48996647	0	0	0	0	0	3
60	35	0	0.655490478	101390.266	101390.248	101390.138	101391.628	1.48996647	0	0	0	0	0	3
61	35	0	0.66641532	101390.294	101390.219	101390.138	101390.294	0.156037518	0	0	0	0	0	3
62	36	0	0.677340161	101390.266	101390.221	101390.138	101390.294	0.156037518	0	0	0	0	0	3
63	36	0	0.688265002	101390.258	101390.222	101390.138	101390.294	0.156037518	0	0	0	0	0	3
64	37	0	0.699189843	101390.274	101390.225	101390.145	101390.294	0.149268058	0	0	0	0	0	3
65	38	0	0.710114685	101390.263	101390.228	101390.145	101390.294	0.149268058	0	0	0	0	0	3
66	38	0	0.721039526	101390.265	101390.229	101390.145	101390.294	0.149268058	0	0	0	0	0	3
67	39	0	0.731964367	101390.263	101390.229	101390.145	101390.294	0.149268058	0	0	0	0	0	3
68	39	0	0.742889209	101390.273	101390.23	101390.145	101390.294	0.149268058	0	0	0	0	0	3
69	40	0	0.75381405	101390.261	101390.23	101390.145	101390.294	0.149268058	0	0	0	0	0	3
70	40	0	0.764738891	101390.264	101390.231	101390.145	101390.294	0.149268058	0	0	0	0	0	3
71	41	0	0.775663733	101390.262	101390.231	101390.145	101390.294	0.149268058	0	0	0	0	0	3
72	42	0	0.786588574	101390.263	101390.232	101390.145	101390.294	0.149268058	0	0	0	0	0	3
73	42	0	0.797513415	101390.26	101390.233	101390.145	101390.294	0.149268058	0	0	0	0	0	3
74	43	0	0.808438256	101390.248	101390.233	101390.145	101390.294	0.149268058	0	0	0	0	0	3
75	43	0	0.819363098	101390.267	101390.234	101390.145	101390.294	0.149268058	0	0	0	0	0	3
76	44	0	0.830287939	101390.228	101390.234	101390.145	101390.294	0.149268058	0	0	0	0	0	3
77	45	0	0.84121278	101390.273	101390.235	101390.145	101390.294	0.149268058	0	0	0	0	0	3
78	45	0	0.852137622	101390.222	101390.235	101390.145	101390.294	0.149268058	0	0	0	0	0	3
79	46	0	0.863062463	101390.262	101390.236	101390.145	101390.294	0.149268058	0	0	0	0	0	3
80	46	0	0.873987304	101390.223	101390.235	101390.145	101390.294	0.149268058	0	0	0	0	0	3
81	47	0	0.884912146	101390.257	101390.237	101390.145	101390.294	0.149268058	0	0	0	0	0	3
82	47	0	0.895836987	101390.227	101390.236	101390.145	101390.294	0.149268058	0	0	0	0	0	3
83	48	0	0.906761828	101390.253	101390.239	101390.145	101390.294	0.149268058	0	0	0	0	0	3
84	49	0	0.91768667	101390.224	101390.239	101390.145	101390.294	0.149268058	0	0	0	0	0	3
85	49	0	0.928611511	101390.255	101390.241	101390.145	101390.294	0.149268058	0	0	0	0	0	3
86	50	0	0.939536352	101390.226	101390.241	101390.145	101390.294	0.149268058	0	0	0	0	0	3
87	50	0	0.950461193	101390.258	101390.243	101390.145	101390.294	0.149268058	0	0	0	0	0	3
88	51	0	0.961386035	101390.227	101390.243	101390.145	101390.294	0.149268058	0	0	0	0	0	3
89	52	0	0.972310876	101390.255	101390.246	101390.182	101390.294	0.111540532	0	0	0	0	0	3
90	52	0	0.983235717	101390.229	101390.246	101390.182	101390.294	0.111540532	0	0	0	0	0	3
91	53	0	0.994160559	101390.253	101390.248	101390.205	101390.294	0.0893885407	0	0	0	0	0	3
92	53	0	1.0050854	101390.232	101390.248	101390.205	101390.294	0.0893885407	1.55602827	0	100	0	0	3
93	54	0	1.01601024	101390.253	101390.249	101390.205	101390.294	0.0893885407	1.55602827	0	100	0	0	3
94	55	0	1.02693508	101390.233	101390.249	101390.205	101390.294	0.0893885407	1.55602827	0	100	0	0	3
95	55	0	1.03785992	101390.254	101390.25	101390.211	101390.294	0.0834113477	1.55602827	0	100	0	0	3
96	56	0	1.04878477	101390.232	101390.249	101390.211	101390.294	0.0834113477	1.55602827	0	100	0	0	3
97	56	0	1.05970961	101390.254	101390.25	101390.211	101390.294	0.0834113477	1.55602827	0	100	0	0	3
98	57	0	1.07063445	101390.232	101390.25	101390.211	101390.294	0.0834113477	1.55602827	0	100	0	0	3
99	57	0	1.08155929	101390.255	101390.251	101390.22	101390.294	0.0734654094	1.55602827	0	100	0	0	3
100	58	0	1.09248413	101390.233	101390.25	101390.22	101390.294	0.0734654094	1.55602827	0	100	0	0	3
101	59	0	1.10340897	101390.256	101390.251	101390.22	101390.294	0.0734654094	1.55602827	0	100	0	0	3
102	60	0	1.11433381	101390.232	101390.25	101390.22	101390.294	0.0734654094	1.55602827	0	100	0	0	3
103	61	0	1.12525865	101390.255	101390.251	101390.222	101390.294	0.0720480811	1.55602827	0	100	0	0	3
104	61	0	1.1361835	101390.231	101390.25	101390.222	101390.294	0.0319715507	1.55602827	0	100	0	0	3
105	62	0	1.14710834	101390.255	101390.251	101390.222	101390.294	0.0319715507	1.55602827	0	100	0	0	3
106	62	0	1.15803318	101390.231	101390.25	101390.222	101390.294	0.0319715507	1.55602827	0	100	0	0	3
107	63	0	1.16895802	101390.255	101390.249	101390.222	101390.274	0.029780266	1.55602827	0	100	0	0	3
108	63	0	1.17988286	101390.231	101390.248	101390.222	101390.274	0.0288330943	1.55602827	0	100	0	0	3
109	64	0	1.1908077	101390.256	101390.248	101390.222	101390.274	0.0258715139	1.55602827	0	100	0	0	3
110	65	0	1.20173254	101390.23	101390.247	101390.222	101390.273	0.0234087972	1.55602827	0	100	0	0	3
111	65	0	1.21265738	101390.255	101390.247	101390.222	101390.273	0.0223481615	1.55602827	0	100	0	0	3
112	66	0	1.22358223	101390.228	101390.246	101390.222	101390.273	0.0219256458	1.55602827	0	100	0	0	3
113	67	0	1.23450707	101390.254	101390.246	101390.222	101390.273	0.0213312584	1.55602827	0	100	0	0	3
114	67	0	1.24543191	101390.228	101390.245	101390.222	101390.273	0.0210579867	1.55602827	0	100	0	0	3
115	68	0	1.25635675	101390.253	101390.245	101390.222	101390.273	0.0205115644	1.55602827	0	100	0	0	3
116	68	0	1.26728159	101390.229	101390.244	101390.222	101390.273	0.0200041307	1.55602827	0	100	0	0	3
117	69	0	1.27820643	101390.251	101390.244	101390.222	101390.273	0.0192066883	1.55602827	0	100	0	0	3
118	70	0	1.28913127	101390.231	101390.243	101390.222	101390.273	0.0184236175	1.55602827	0	100	0	0	3
119	70	0	1.30005612	101390.25	101390.243	101390.222	101390.273	0.0178934563	1.55602827	0	100	0	0	3
120	71	0	1.31098096	101390.228	101390.243	101390.222	101390.273	0.0169260263	1.55602827	0	100	0	0	3
121	71	0	1.3219058	101390.25	101390.242	101390.222	101390.273	0.0168553731	1.55602827	0	100	0	0	3
122	72	0	1.33283064	101390.23	101390.242	101390.222	101390.273	0.0159968583	1.55602827	0	100	0	0	3
123	73	0	1.34375548	101390.251	101390.242	101390.222	101390.262	0.0159968583	1.55602827	0	100	0	0	3
124	73	0	1.35468032	101390.229	101390.242	101390.223	101390.262	0.0157479651	1.55602827	0	100	0	0	3
125	74	0	1.36560516	101390.251	101390.242	101390.223	101390.258	0.0157479651	1.55602827	0	100	0	0	3
126	75	0	1.37653	101390.229	101390.242	101390.224	101390.258	0.0146175649	1.55602827	0	100	0	0	3
127	75	0	1.38745485	101390.25	101390.242	101390.224	101390.258	0.0146175649	1.55602827	0	100	0	0	3
128	76	0	1.39837969	101390.229	101390.242	101390.224	101390.258	0.0124855525	1.55602827	0	100	0	0	3
129	77	0	1.40930453	101390.249	101390.242	101390.224	101390.258	0.0124315389	1.55602827	0	100	0	0	3
130	77	0	1.42022937	101390.23	101390.242	101390.226	101390.258	0.0100452425	1.55602827	0	100	0	0	3
131	78	0	1.43115421	101390.249	101390.242	101390.226	101390.258	0.00980621082	1.55602827	0	100	0	0	3
132	78	0	1.44207905	101390.231	101390.242	101390.227	101390.258	0.00949965532	1.55602827	0	100	0	0	3
133	79	0	1.45300389	101390.25	101390.241	101390.227	101390.256	0.00957405583	1.55602827	0	100	0	0	3
134	80	0	1.46392873	101390.231	101390.242	101390.228	101390.256	0.00957405583	1.55602827	0	100	0	0	3
135	80	0	1.47485358	101390.248	101390.241	101390.228	101390.256	0.00963573693	1.55602827	0	100	0	0	3
136	81	0	1.48577842	101390.231	101390.241	101390.228	101390.256	0.00963573693	1.55602827	0	100	0	0	3
137	81	0	1.49670326	101390.248	101390.241	101390.228	101390.256	0.00969756668	1.55602827	0	100	0	0	3
138	82	0	1.5076281	101390.231	101390.241	101390.228	101390.256	0.00971001408	1.55602827	0	100	0	0	3
139	83	0	1.51855294	101390.248	101390.241	101390.228	101390.256	0.00980467223	1.55602827	0	100	0	0	3
140	83	0	1.52947778	101390.232	101390.241	101390.228	101390.256	0.0098167571	1.55602827	0	100	0	0	3
141	84	0	1.54040262	101390.248	101390.241	101390.228	101390.256	0.0099316032	1.55602827	0	100	0	0	3
