Iteration	CPUTime	PhysTime	Travels	Value	AvValue	MinValue	MaxValue	Delta	Criteria	PrevAvRefValue	Progress	CriteriaType	CriteriaVarType	CriteriaPercentage
1	3	0	0.0109248413	-1.86353485	-1.86353485	-1.86353485	-1.86353485	0	0	0	0	0	0	3
2	3	0	0.0218496826	-0.0666749891	-0.965104921	-1.86353485	-0.0666749891	0.898429932	0	0	0	0	0	3
3	4	0	0.0327745239	-0.0601037027	-0.663437848	-1.86353485	-0.0601037027	1.200097	0	0	0	0	0	3
4	4	0	0.0436993652	0.01419688	-0.494029166	-1.86353485	0.01419688	1.36950569	0	0	0	0	0	3
5	5	0	0.0546242065	-0.0620328498	-0.407629903	-1.86353485	0.01419688	1.45590495	0	0	0	0	0	3
6	5	0	0.0655490478	0.00506257569	-0.338847823	-1.86353485	0.01419688	1.52468703	0	0	0	0	0	3
7	6	0	0.0764738891	-0.0506168901	-0.297671976	-1.86353485	0.01419688	1.56586288	0	0	0	0	0	3
8	6	0	0.0873987304	0.0016642882	-0.260254943	-1.86353485	0.01419688	1.60327991	0	0	0	0	0	3
9	6	0	0.0983235717	-0.0451476163	-0.236354129	-1.86353485	0.01419688	1.62718072	0	0	0	0	0	3
10	7	0	0.109248413	-0.00195582979	-0.212914299	-1.86353485	0.01419688	1.65062055	0	0	0	0	0	3
11	8	0	0.120173254	-0.0352851333	-0.196766193	-1.86353485	0.01419688	1.66676866	0	0	0	0	0	3
12	8	0	0.131098096	-0.0103254767	-0.181229466	-1.86353485	0.01419688	1.68230539	0	0	0	0	0	3
13	9	0	0.142022937	-0.0303108845	-0.169620345	-1.86353485	0.01419688	1.69391451	0	0	0	0	0	3
14	9	0	0.152947778	-0.0154188488	-0.158605952	-1.86353485	0.01419688	1.7049289	0	0	0	0	0	3
15	10	0	0.16387262	-0.0269436475	-0.149828465	-1.86353485	0.01419688	1.71370639	0	0	0	0	0	3
16	10	0	0.174797461	-0.019605173	-0.141689509	-1.86353485	0.01419688	1.72184534	0	0	0	0	0	3
17	11	0	0.185722302	-0.0235985116	-0.13474298	-1.86353485	0.01419688	1.72879187	0	0	0	0	0	3
18	11	0	0.196647143	-0.0211033245	-0.128429666	-1.86353485	0.01419688	1.73510519	0	0	0	0	0	3
19	11	0	0.207571985	-0.0227389978	-0.122866999	-1.86353485	0.01419688	1.74066785	0	0	0	0	0	3
20	12	0	0.218496826	-0.021678184	-0.117807558	-1.86353485	0.01419688	1.74572729	0	0	0	0	0	3
21	13	0	0.229421667	-0.0221862223	-0.113254161	-1.86353485	0.01419688	1.75028069	0	0	0	0	0	3
22	13	0	0.240346509	-0.0220612057	-0.109109027	-1.86353485	0.01419688	1.75442583	0	0	0	0	0	3
23	14	0	0.25127135	-0.0221489985	-0.105328156	-1.86353485	0.01419688	1.7582067	0	0	0	0	0	3
24	14	0	0.262196191	-0.0220093942	-0.101856541	-1.86353485	0.01419688	1.76167831	0	0	0	0	0	3
25	15	0	0.273121033	-0.0220875312	-0.0986657808	-1.86353485	0.01419688	1.76486907	0	0	0	0	0	3
26	15	0	0.284045874	-0.0220511106	-0.0957190627	-1.86353485	0.01419688	1.76781579	0	0	0	0	0	3
27	16	0	0.294970715	-0.0219757751	-0.0929878299	-1.86353485	0.01419688	1.77054702	0	0	0	0	0	3
28	16	0	0.305895557	-0.0218096177	-0.0904457509	-1.86353485	0.01419688	1.7730891	0	0	0	0	0	3
29	17	0	0.316820398	-0.0217391707	-0.0880765584	-1.86353485	0.01419688	1.77545829	0	0	0	0	0	3
30	17	0	0.327745239	-0.021734849	-0.0858651681	-1.86353485	0.01419688	1.77766968	0	0	0	0	0	3
31	18	0	0.33867008	-0.0216952668	-0.0837951713	-1.86353485	0.01419688	1.77973968	0	0	0	0	0	3
32	18	0	0.349594922	-0.0216638305	-0.0818535669	-1.86353485	0.01419688	1.78168129	0	0	0	0	0	3
33	19	0	0.360519763	-0.0212978994	-0.0800185467	-1.86353485	0.01419688	1.78351631	0	0	0	0	0	3
34	19	0	0.371444604	-0.0210413387	-0.0782839229	-1.86353485	0.01419688	1.78525093	0	0	0	0	0	3
35	20	0	0.382369446	-0.0209729905	-0.0766464677	-1.86353485	0.01419688	1.78688839	0	0	0	0	0	3
36	21	0	0.393294287	-0.0210975763	-0.0751034429	-1.86353485	0.01419688	1.78843141	0	0	0	0	0	3
37	21	0	0.404219128	-0.0211756421	-0.0736459348	-1.86353485	0.01419688	1.78988892	0	0	0	0	0	3
38	22	0	0.41514397	-0.0211156647	-0.0722635593	-1.86353485	0.01419688	1.79127129	0	0	0	0	0	3
39	22	0	0.426068811	-0.0207032005	-0.0709414988	-1.86353485	0.01419688	1.79259335	0	0	0	0	0	3
40	23	0	0.436993652	-0.0203259358	-0.0696761097	-1.86353485	0.01419688	1.79385874	0	0	0	0	0	3
41	23	0	0.447918493	-0.0197433951	-0.0684582386	-1.86353485	0.01419688	1.79507661	0	0	0	0	0	3
42	24	0	0.458843335	-0.0193641098	-0.0672893308	-1.86353485	0.01419688	1.79624552	0	0	0	0	0	3
43	25	0	0.469768176	-0.019142216	-0.0661696305	-1.86353485	0.01419688	1.79736522	0	0	0	0	0	3
44	25	0	0.480693017	-0.0193875596	-0.0651064016	-1.86353485	0.01419688	1.79842845	0	0	0	0	0	3
45	26	0	0.491617859	-0.0198042872	-0.0640996879	-1.86353485	0.01419688	1.79943517	0	0	0	0	0	3
46	26	0	0.5025427	-0.0201665997	-0.0631446208	-1.86353485	0.01419688	1.80039023	0	0	0	0	0	3
47	27	0	0.513467541	-0.0202156515	-0.0230724642	-0.0666749891	0.01419688	0.0808718691	0	0	0	0	0	3
48	28	0	0.524392383	-0.020314128	-0.0220646194	-0.0620328498	0.01419688	0.0762297299	0	0	0	0	0	3
49	28	0	0.535317224	-0.0201377044	-0.0211957934	-0.0620328498	0.01419688	0.0762297299	0	0	0	0	0	3
50	29	0	0.546242065	-0.0197573975	-0.0219339299	-0.0620328498	0.00506257569	0.0670954255	0	0	0	0	0	3
51	29	0	0.557166906	-0.0194428266	-0.0210080598	-0.0506168901	0.00506257569	0.0556794658	0	0	0	0	0	3
52	30	0	0.568091748	-0.0195502145	-0.0215431204	-0.0506168901	0.0016642882	0.0522811783	0	0	0	0	0	3
53	31	0	0.579016589	-0.0196934604	-0.020870872	-0.0451476163	0.0016642882	0.0468119045	0	0	0	0	0	3
54	31	0	0.58994143	-0.0198608309	-0.0213388093	-0.0451476163	-0.00195582979	0.0431917865	0	0	0	0	0	3
55	32	0	0.600866272	-0.0199354207	-0.0207907181	-0.0352851333	-0.00195582979	0.0333293035	0	0	0	0	0	3
56	32	0	0.611791113	-0.0199396004	-0.0211816697	-0.0352851333	-0.0103254767	0.0249596565	0	0	0	0	0	3
57	33	0	0.622715954	-0.0197722287	-0.0208444326	-0.0303108845	-0.0103254767	0.0199854078	0	0	0	0	0	3
58	34	0	0.633640796	-0.0195528315	-0.0210450273	-0.0303108845	-0.0154188488	0.0148920357	0	0	0	0	0	3
59	34	0	0.644565637	-0.0193341309	-0.0208064022	-0.0269436475	-0.0154188488	0.0115247987	0	0	0	0	0	3
60	35	0	0.655490478	-0.0194002773	-0.020892955	-0.0269436475	-0.019142216	0.0078014315	0	0	0	0	0	3
61	35	0	0.66641532	-0.0196211349	-0.0207337699	-0.0235985116	-0.019142216	0.00445629555	0	0	0	0	0	3
62	36	0	0.677340161	-0.0201003631	-0.0207445349	-0.0235985116	-0.019142216	0.00445629555	0	0	0	0	0	3
63	36	0	0.688265002	-0.020137497	-0.0206692955	-0.0227389978	-0.019142216	0.0035967818	0	0	0	0	0	3
64	37	0	0.699189843	-0.0198136035	-0.0206412581	-0.0227389978	-0.019142216	0.0035967818	0	0	0	0	0	3
65	38	0	0.710114685	-0.0193486081	-0.020567554	-0.0221862223	-0.019142216	0.00304400627	0	0	0	0	0	3
66	38	0	0.721039526	-0.0191671329	-0.0205129659	-0.0221862223	-0.019142216	0.00304400627	0	0	0	0	0	3
67	39	0	0.731964367	-0.0194338461	-0.0204531316	-0.0221489985	-0.019142216	0.00300678245	0	0	0	0	0	3
68	39	0	0.742889209	-0.0199366438	-0.0204069455	-0.0221489985	-0.019142216	0.00300678245	0	0	0	0	0	3
69	40	0	0.75381405	-0.0204695191	-0.0203704351	-0.0220875312	-0.019142216	0.00294531515	0	0	0	0	0	3
70	40	0	0.764738891	-0.0204899186	-0.020337403	-0.0220875312	-0.019142216	0.00294531515	0	0	0	0	0	3
71	41	0	0.775663733	-0.0201943099	-0.020296246	-0.0220511106	-0.019142216	0.00290889456	0	0	0	0	0	3
72	42	0	0.786588574	-0.0197664314	-0.0202465791	-0.0219757751	-0.019142216	0.00283355908	0	0	0	0	0	3
73	42	0	0.797513415	-0.019394659	-0.0201904678	-0.0218096177	-0.019142216	0.00266740169	0	0	0	0	0	3
74	43	0	0.808438256	-0.0194550253	-0.0201392811	-0.0217391707	-0.019142216	0.00259695471	0	0	0	0	0	3
75	43	0	0.819363098	-0.0198171269	-0.0200974975	-0.021734849	-0.019142216	0.00259263294	0	0	0	0	0	3
76	44	0	0.830287939	-0.0202862649	-0.0200660065	-0.0216952668	-0.019142216	0.00255305079	0	0	0	0	0	3
77	45	0	0.84121278	-0.0206605485	-0.0200435127	-0.0216638305	-0.019142216	0.00252161448	0	0	0	0	0	3
78	45	0	0.852137622	-0.0205922276	-0.0200202169	-0.0212978994	-0.019142216	0.00215568336	0	0	0	0	0	3
79	46	0	0.863062463	-0.0202653067	-0.0199977693	-0.0211756421	-0.019142216	0.00203342605	0	0	0	0	0	3
80	46	0	0.873987304	-0.0197638017	-0.0199699967	-0.0211756421	-0.019142216	0.00203342605	0	0	0	0	0	3
81	47	0	0.884912146	-0.0193326291	-0.0199343367	-0.0211756421	-0.019142216	0.00203342605	0	0	0	0	0	3
82	47	0	0.895836987	-0.019345361	-0.0198962451	-0.0211756421	-0.019142216	0.00203342605	0	0	0	0	0	3
83	48	0	0.906761828	-0.0196914176	-0.0198639793	-0.0211156647	-0.019142216	0.00197344865	0	0	0	0	0	3
84	49	0	0.91768667	-0.0202581911	-0.0198453386	-0.0207032005	-0.019142216	0.00156098442	0	0	0	0	0	3
85	49	0	0.928611511	-0.0207884606	-0.0198471921	-0.0207884606	-0.019142216	0.00164624452	0	0	0	0	0	3
86	50	0	0.939536352	-0.0206917453	-0.0198551444	-0.0207884606	-0.019142216	0.00164624452	0	0	0	0	0	3
87	50	0	0.950461193	-0.0203099705	-0.0198674613	-0.0207884606	-0.019142216	0.00164624452	0	0	0	0	0	3
88	51	0	0.961386035	-0.0197304746	-0.0198754257	-0.0207884606	-0.019142216	0.00164624452	0	0	0	0	0	3
89	52	0	0.972310876	-0.0192821314	-0.0198784674	-0.0207884606	-0.0191671329	0.00162132762	0	0	0	0	0	3
90	52	0	0.983235717	-0.0193059488	-0.0198766932	-0.0207884606	-0.0191671329	0.00162132762	0	0	0	0	0	3
91	53	0	0.994160559	-0.0196800782	-0.019873993	-0.0207884606	-0.0191671329	0.00162132762	0	0	0	0	0	3
92	53	0	1.0050854	-0.0202313998	-0.0198754017	-0.0207884606	-0.0191671329	0.00162132762	0.0022868919	0	100	0	0	3
93	54	0	1.01601024	-0.0207538717	-0.0198871022	-0.0207884606	-0.0191671329	0.00162132762	0.0022868919	0	100	0	0	3
94	55	0	1.02693508	-0.0206737222	-0.0198949194	-0.0207884606	-0.0191671329	0.00162132762	0.0022868919	0	100	0	0	3
95	55	0	1.03785992	-0.0203235651	-0.0198989599	-0.0207884606	-0.0191671329	0.00162132762	0.0022868919	0	100	0	0	3
96	56	0	1.04878477	-0.019727841	-0.0198983174	-0.0207884606	-0.0191671329	0.00162132762	0.0022868919	0	100	0	0	3
97	56	0	1.05970961	-0.0193115177	-0.0198954628	-0.0207884606	-0.0191671329	0.00162132762	0.0022868919	0	100	0	0	3
98	57	0	1.07063445	-0.0193616327	-0.0198913632	-0.0207884606	-0.0191671329	0.00149347076	0.0022868919	0	100	0	0	3
99	57	0	1.08155929	-0.0198050905	-0.01989379	-0.0207884606	-0.0191671329	0.00149347076	0.0022868919	0	100	0	0	3
100	58	0	1.09248413	-0.0203505635	-0.0199044363	-0.0207884606	-0.0191671329	0.00133633109	0.0022868919	0	100	0	0	3
101	59	0	1.10340897	-0.0206961782	-0.0199209745	-0.0207884606	-0.0191671329	0.00133633109	0.0022868919	0	100	0	0	3
102	60	0	1.11433381	-0.0205271003	-0.0199337463	-0.0207884606	-0.0191671329	0.00119968871	0.0022868919	0	100	0	0	3
103	61	0	1.12525865	-0.020086344	-0.0199405748	-0.0207884606	-0.0191671329	0.00119968871	0.0022868919	0	100	0	0	3
104	61	0	1.1361835	-0.019560007	-0.0199407308	-0.0207884606	-0.0191671329	0.00104761642	0.0022868919	0	100	0	0	3
105	62	0	1.14710834	-0.0192605908	-0.0199391321	-0.0207884606	-0.0191671329	0.00104761642	0.0022868919	0	100	0	0	3
106	62	0	1.15803318	-0.0194054997	-0.0199392457	-0.0207884606	-0.0191671329	0.000899196363	0.0022868919	0	100	0	0	3
107	63	0	1.16895802	-0.0199173774	-0.0199456857	-0.0207884606	-0.0191671329	0.000899196363	0.0022868919	0	100	0	0	3
108	63	0	1.17988286	-0.020417249	-0.0199525746	-0.0207884606	-0.0191671329	0.000823956916	0.0022868919	0	100	0	0	3
109	64	0	1.1908077	-0.0206369726	-0.0199634327	-0.0207884606	-0.0191671329	0.000795919501	0.0022868919	0	100	0	0	3
110	65	0	1.20173254	-0.0204995095	-0.0199783437	-0.0207884606	-0.0191671329	0.000722215376	0.0022868919	0	100	0	0	3
111	65	0	1.21265738	-0.020077419	-0.0199941874	-0.0207884606	-0.0191671329	0.000667627309	0.0022868919	0	100	0	0	3
112	66	0	1.22358223	-0.0196479678	-0.0200046404	-0.0207884606	-0.0192605908	0.000607793044	0.0022868919	0	100	0	0	3
113	67	0	1.23450707	-0.0194822831	-0.0200056933	-0.0207884606	-0.0192605908	0.000561606915	0.0022868919	0	100	0	0	3
114	67	0	1.24543191	-0.0196627405	-0.0199997389	-0.0207884606	-0.0192605908	0.000525096493	0.0022868919	0	100	0	0	3
115	68	0	1.25635675	-0.0200323067	-0.0199902343	-0.0207884606	-0.0192605908	0.000492064413	0.0022868919	0	100	0	0	3
116	68	0	1.26728159	-0.0204428162	-0.0199892103	-0.0207884606	-0.0192605908	0.000450907428	0.0022868919	0	100	0	0	3
117	69	0	1.27820643	-0.0207265422	-0.0200007806	-0.0207884606	-0.0192605908	0.000401240489	0.0022868919	0	100	0	0	3
118	70	0	1.28913127	-0.0205684031	-0.0200182148	-0.0207884606	-0.0192605908	0.000345129268	0.0022868919	0	100	0	0	3
119	70	0	1.30005612	-0.0201916258	-0.0200355401	-0.0207884606	-0.0192605908	0.000293942476	0.0022868919	0	100	0	0	3
120	71	0	1.31098096	-0.0196705273	-0.020040225	-0.0207884606	-0.0192605908	0.000252158913	0.0022868919	0	100	0	0	3
121	71	0	1.3219058	-0.0192847061	-0.0200286506	-0.0207884606	-0.0192605908	0.000220667954	0.0022868919	0	100	0	0	3
122	72	0	1.33283064	-0.0193363684	-0.0200080007	-0.0207884606	-0.0192605908	0.000198174078	0.0022868919	0	100	0	0	3
123	73	0	1.34375548	-0.0196912228	-0.0199869284	-0.0207884606	-0.0192605908	0.000194886394	0.0022868919	0	100	0	0	3
124	73	0	1.35468032	-0.0202399119	-0.0199792693	-0.0207884606	-0.0192605908	0.000194886394	0.0022868919	0	100	0	0	3
125	74	0	1.36560516	-0.0207144211	-0.0199890327	-0.0207884606	-0.0192605908	0.000194886394	0.0022868919	0	100	0	0	3
126	75	0	1.37653	-0.0206254631	-0.0200077645	-0.0207884606	-0.0192605908	0.000194886394	0.0022868919	0	100	0	0	3
127	75	0	1.38745485	-0.0202368294	-0.020027421	-0.0207884606	-0.0192605908	0.000194886394	0.0022868919	0	100	0	0	3
128	76	0	1.39837969	-0.0196527885	-0.0200341042	-0.0207884606	-0.0192605908	0.000194886394	0.0022868919	0	100	0	0	3
129	77	0	1.40930453	-0.019212703	-0.0200236974	-0.0207884606	-0.019212703	0.000194886394	0.0022868919	0	100	0	0	3
130	77	0	1.42022937	-0.0192965325	-0.0200027918	-0.0207884606	-0.019212703	0.000193032914	0.0022868919	0	100	0	0	3
131	78	0	1.43115421	-0.019730362	-0.0199797896	-0.0207538717	-0.019212703	0.000185080532	0.0022868919	0	100	0	0	3
132	78	0	1.44207905	-0.0202659969	-0.0199705342	-0.0207538717	-0.019212703	0.000172763677	0.0022868919	0	100	0	0	3
133	79	0	1.45300389	-0.020695015	-0.0199789047	-0.0207538717	-0.019212703	0.000166231933	0.0022868919	0	100	0	0	3
134	80	0	1.46392873	-0.0205460891	-0.0199966355	-0.0207538717	-0.019212703	0.000166231933	0.0022868919	0	100	0	0	3
135	80	0	1.47485358	-0.0201279645	-0.0200150232	-0.0207538717	-0.019212703	0.000166231933	0.0022868919	0	100	0	0	3
136	81	0	1.48577842	-0.019626399	-0.0200219895	-0.0207538717	-0.019212703	0.000166231933	0.0022868919	0	100	0	0	3
137	81	0	1.49670326	-0.0192293997	-0.0200121921	-0.0207538717	-0.019212703	0.000164823236	0.0022868919	0	100	0	0	3
138	82	0	1.5076281	-0.0193001953	-0.0199919485	-0.0207538717	-0.019212703	0.000153122799	0.0022868919	0	100	0	0	3
139	83	0	1.51855294	-0.0196902687	-0.0199688267	-0.0207265422	-0.019212703	0.000148861761	0.0022868919	0	100	0	0	3
140	83	0	1.52947778	-0.0202114452	-0.0199587772	-0.0207265422	-0.019212703	0.000148861761	0.0022868919	0	100	0	0	3
141	84	0	1.54040262	-0.020609399	-0.019964991	-0.0207265422	-0.019212703	0.000148861761	0.0022868919	0	100	0	0	3
