Iteration	CPUTime	PhysTime	Travels	Value	AvValue	MinValue	MaxValue	Delta	Criteria	PrevAvRefValue	Progress	CriteriaType	CriteriaVarType	CriteriaPercentage
1	3	0	0.0109248413	0	0	0	0	0	0	0	0	0	0	3
2	3	0	0.0218496826	0	0	0	0	0	0	0	0	0	0	3
3	4	0	0.0327745239	0	0	0	0	0	0	0	0	0	0	3
4	4	0	0.0436993652	0	0	0	0	0	0	0	0	0	0	3
5	5	0	0.0546242065	0	0	0	0	0	0	0	0	0	0	3
6	5	0	0.0655490478	0	0	0	0	0	0	0	0	0	0	3
7	6	0	0.0764738891	0	0	0	0	0	0	0	0	0	0	3
8	6	0	0.0873987304	0	0	0	0	0	0	0	0	0	0	3
9	6	0	0.0983235717	0	0	0	0	0	0	0	0	0	0	3
10	7	0	0.109248413	0	0	0	0	0	0	0	0	0	0	3
11	8	0	0.120173254	0	0	0	0	0	0	0	0	0	0	3
12	8	0	0.131098096	0	0	0	0	0	0	0	0	0	0	3
13	9	0	0.142022937	0	0	0	0	0	0	0	0	0	0	3
14	9	0	0.152947778	0	0	0	0	0	0	0	0	0	0	3
15	10	0	0.16387262	0	0	0	0	0	0	0	0	0	0	3
16	10	0	0.174797461	0	0	0	0	0	0	0	0	0	0	3
17	11	0	0.185722302	0	0	0	0	0	0	0	0	0	0	3
18	11	0	0.196647143	0	0	0	0	0	0	0	0	0	0	3
19	11	0	0.207571985	0	0	0	0	0	0	0	0	0	0	3
20	12	0	0.218496826	0	0	0	0	0	0	0	0	0	0	3
21	13	0	0.229421667	0	0	0	0	0	0	0	0	0	0	3
22	13	0	0.240346509	0	0	0	0	0	0	0	0	0	0	3
23	14	0	0.25127135	0	0	0	0	0	0	0	0	0	0	3
24	14	0	0.262196191	0	0	0	0	0	0	0	0	0	0	3
25	15	0	0.273121033	0	0	0	0	0	0	0	0	0	0	3
26	15	0	0.284045874	0	0	0	0	0	0	0	0	0	0	3
27	16	0	0.294970715	0	0	0	0	0	0	0	0	0	0	3
28	16	0	0.305895557	0	0	0	0	0	0	0	0	0	0	3
29	17	0	0.316820398	0	0	0	0	0	0	0	0	0	0	3
30	17	0	0.327745239	0	0	0	0	0	0	0	0	0	0	3
31	18	0	0.33867008	0	0	0	0	0	0	0	0	0	0	3
32	18	0	0.349594922	0	0	0	0	0	0	0	0	0	0	3
33	19	0	0.360519763	0	0	0	0	0	0	0	0	0	0	3
34	19	0	0.371444604	0	0	0	0	0	0	0	0	0	0	3
35	20	0	0.382369446	0	0	0	0	0	0	0	0	0	0	3
36	21	0	0.393294287	0	0	0	0	0	0	0	0	0	0	3
37	21	0	0.404219128	0	0	0	0	0	0	0	0	0	0	3
38	22	0	0.41514397	0	0	0	0	0	0	0	0	0	0	3
39	22	0	0.426068811	0	0	0	0	0	0	0	0	0	0	3
40	23	0	0.436993652	0	0	0	0	0	0	0	0	0	0	3
41	23	0	0.447918493	0	0	0	0	0	0	0	0	0	0	3
42	24	0	0.458843335	0	0	0	0	0	0	0	0	0	0	3
43	25	0	0.469768176	0	0	0	0	0	0	0	0	0	0	3
44	25	0	0.480693017	0	0	0	0	0	0	0	0	0	0	3
45	26	0	0.491617859	0	0	0	0	0	0	0	0	0	0	3
46	26	0	0.5025427	0	0	0	0	0	0	0	0	0	0	3
47	27	0	0.513467541	0	0	0	0	0	0	0	0	0	0	3
48	28	0	0.524392383	0	0	0	0	0	0	0	0	0	0	3
49	28	0	0.535317224	0	0	0	0	0	0	0	0	0	0	3
50	29	0	0.546242065	0	0	0	0	0	0	0	0	0	0	3
51	29	0	0.557166906	0	0	0	0	0	0	0	0	0	0	3
52	30	0	0.568091748	0	0	0	0	0	0	0	0	0	0	3
53	31	0	0.579016589	0	0	0	0	0	0	0	0	0	0	3
54	31	0	0.58994143	0	0	0	0	0	0	0	0	0	0	3
55	32	0	0.600866272	0	0	0	0	0	0	0	0	0	0	3
56	32	0	0.611791113	0	0	0	0	0	0	0	0	0	0	3
57	33	0	0.622715954	0	0	0	0	0	0	0	0	0	0	3
58	34	0	0.633640796	0	0	0	0	0	0	0	0	0	0	3
59	34	0	0.644565637	0	0	0	0	0	0	0	0	0	0	3
60	35	0	0.655490478	0	0	0	0	0	0	0	0	0	0	3
61	35	0	0.66641532	0	0	0	0	0	0	0	0	0	0	3
62	36	0	0.677340161	0	0	0	0	0	0	0	0	0	0	3
63	36	0	0.688265002	0	0	0	0	0	0	0	0	0	0	3
64	37	0	0.699189843	0	0	0	0	0	0	0	0	0	0	3
65	38	0	0.710114685	0	0	0	0	0	0	0	0	0	0	3
66	38	0	0.721039526	0	0	0	0	0	0	0	0	0	0	3
67	39	0	0.731964367	0	0	0	0	0	0	0	0	0	0	3
68	39	0	0.742889209	0	0	0	0	0	0	0	0	0	0	3
69	40	0	0.75381405	0	0	0	0	0	0	0	0	0	0	3
70	40	0	0.764738891	0	0	0	0	0	0	0	0	0	0	3
71	41	0	0.775663733	0	0	0	0	0	0	0	0	0	0	3
72	42	0	0.786588574	0	0	0	0	0	0	0	0	0	0	3
73	42	0	0.797513415	0	0	0	0	0	0	0	0	0	0	3
74	43	0	0.808438256	0	0	0	0	0	0	0	0	0	0	3
75	43	0	0.819363098	0	0	0	0	0	0	0	0	0	0	3
76	44	0	0.830287939	0	0	0	0	0	0	0	0	0	0	3
77	45	0	0.84121278	0	0	0	0	0	0	0	0	0	0	3
78	45	0	0.852137622	0	0	0	0	0	0	0	0	0	0	3
79	46	0	0.863062463	0	0	0	0	0	0	0	0	0	0	3
80	46	0	0.873987304	0	0	0	0	0	0	0	0	0	0	3
81	47	0	0.884912146	0	0	0	0	0	0	0	0	0	0	3
82	47	0	0.895836987	0	0	0	0	0	0	0	0	0	0	3
83	48	0	0.906761828	0	0	0	0	0	0	0	0	0	0	3
84	49	0	0.91768667	0	0	0	0	0	0	0	0	0	0	3
85	49	0	0.928611511	0	0	0	0	0	0	0	0	0	0	3
86	50	0	0.939536352	0	0	0	0	0	0	0	0	0	0	3
87	50	0	0.950461193	0	0	0	0	0	0	0	0	0	0	3
88	51	0	0.961386035	0	0	0	0	0	0	0	0	0	0	3
89	52	0	0.972310876	0	0	0	0	0	0	0	0	0	0	3
90	52	0	0.983235717	0	0	0	0	0	0	0	0	0	0	3
91	53	0	0.994160559	0	0	0	0	0	0	0	0	0	0	3
92	53	0	1.0050854	0	0	0	0	0	0.001	0	0	0	0	3
93	54	0	1.01601024	0	0	0	0	0	0.001	0	0	0	0	3
94	55	0	1.02693508	0	0	0	0	0	0.001	0	0	0	0	3
95	55	0	1.03785992	0	0	0	0	0	0.001	0	0	0	0	3
96	56	0	1.04878477	0	0	0	0	0	0.001	0	0	0	0	3
97	56	0	1.05970961	0	0	0	0	0	0.001	0	0	0	0	3
98	57	0	1.07063445	0	0	0	0	0	0.001	0	0	0	0	3
99	57	0	1.08155929	0	0	0	0	0	0.001	0	0	0	0	3
100	58	0	1.09248413	0	0	0	0	0	0.001	0	0	0	0	3
101	59	0	1.10340897	0	0	0	0	0	0.001	0	0	0	0	3
102	60	0	1.11433381	0	0	0	0	0	0.001	0	0	0	0	3
103	61	0	1.12525865	0	0	0	0	0	0.001	0	0	0	0	3
104	61	0	1.1361835	0	0	0	0	0	0.001	0	0	0	0	3
105	62	0	1.14710834	0	0	0	0	0	0.001	0	0	0	0	3
106	62	0	1.15803318	0	0	0	0	0	0.001	0	0	0	0	3
107	63	0	1.16895802	0	0	0	0	0	0.001	0	0	0	0	3
108	63	0	1.17988286	0	0	0	0	0	0.001	0	0	0	0	3
109	64	0	1.1908077	0	0	0	0	0	0.001	0	0	0	0	3
110	65	0	1.20173254	0	0	0	0	0	0.001	0	0	0	0	3
111	65	0	1.21265738	0	0	0	0	0	0.001	0	0	0	0	3
112	66	0	1.22358223	0	0	0	0	0	0.001	0	0	0	0	3
113	67	0	1.23450707	0	0	0	0	0	0.001	0	0	0	0	3
114	67	0	1.24543191	0	0	0	0	0	0.001	0	0	0	0	3
115	68	0	1.25635675	0	0	0	0	0	0.001	0	0	0	0	3
116	68	0	1.26728159	0	0	0	0	0	0.001	0	0	0	0	3
117	69	0	1.27820643	0	0	0	0	0	0.001	0	0	0	0	3
118	70	0	1.28913127	0	0	0	0	0	0.001	0	0	0	0	3
119	70	0	1.30005612	0	0	0	0	0	0.001	0	0	0	0	3
120	71	0	1.31098096	0	0	0	0	0	0.001	0	0	0	0	3
121	71	0	1.3219058	0	0	0	0	0	0.001	0	0	0	0	3
122	72	0	1.33283064	0	0	0	0	0	0.001	0	0	0	0	3
123	73	0	1.34375548	0	0	0	0	0	0.001	0	0	0	0	3
124	73	0	1.35468032	0	0	0	0	0	0.001	0	0	0	0	3
125	74	0	1.36560516	0	0	0	0	0	0.001	0	0	0	0	3
126	75	0	1.37653	0	0	0	0	0	0.001	0	0	0	0	3
127	75	0	1.38745485	0	0	0	0	0	0.001	0	0	0	0	3
128	76	0	1.39837969	0	0	0	0	0	0.001	0	0	0	0	3
129	77	0	1.40930453	0	0	0	0	0	0.001	0	0	0	0	3
130	77	0	1.42022937	0	0	0	0	0	0.001	0	0	0	0	3
131	78	0	1.43115421	0	0	0	0	0	0.001	0	0	0	0	3
132	78	0	1.44207905	0	0	0	0	0	0.001	0	0	0	0	3
133	79	0	1.45300389	0	0	0	0	0	0.001	0	0	0	0	3
134	80	0	1.46392873	0	0	0	0	0	0.001	0	0	0	0	3
135	80	0	1.47485358	0	0	0	0	0	0.001	0	0	0	0	3
136	81	0	1.48577842	0	0	0	0	0	0.001	0	0	0	0	3
137	81	0	1.49670326	0	0	0	0	0	0.001	0	0	0	0	3
138	82	0	1.5076281	0	0	0	0	0	0.001	0	0	0	0	3
139	83	0	1.51855294	0	0	0	0	0	0.001	0	0	0	0	3
140	83	0	1.52947778	0	0	0	0	0	0.001	0	0	0	0	3
141	84	0	1.54040262	0	0	0	0	0	0.001	0	0	0	0	3
