Iteration	CPUTime	PhysTime	Travels	Value	AvValue	MinValue	MaxValue	Delta	Criteria	PrevAvRefValue	Progress	CriteriaType	CriteriaVarType	CriteriaPercentage
1	3	0	0.0109248413	101324.859	101324.859	101324.859	101324.859	0	0	0	0	0	0	3
2	3	0	0.0218496826	101325.003	101324.931	101324.859	101325.003	0.0721403492	0	0	0	0	0	3
3	4	0	0.0327745239	101325.022	101324.962	101324.859	101325.022	0.102469749	0	0	0	0	0	3
4	4	0	0.0436993652	101325.008	101324.973	101324.859	101325.022	0.114069032	0	0	0	0	0	3
5	5	0	0.0546242065	101325.018	101324.982	101324.859	101325.022	0.123020666	0	0	0	0	0	3
6	5	0	0.0655490478	101325.008	101324.986	101324.859	101325.022	0.127338325	0	0	0	0	0	3
7	6	0	0.0764738891	101325.018	101324.991	101324.859	101325.022	0.131816919	0	0	0	0	0	3
8	6	0	0.0873987304	101325.008	101324.993	101324.859	101325.022	0.134016715	0	0	0	0	0	3
9	6	0	0.0983235717	101325.018	101324.996	101324.859	101325.022	0.136741547	0	0	0	0	0	3
10	7	0	0.109248413	101325.007	101324.997	101324.859	101325.022	0.137895875	0	0	0	0	0	3
11	8	0	0.120173254	101325.016	101324.999	101324.859	101325.022	0.139597785	0	0	0	0	0	3
12	8	0	0.131098096	101325.008	101324.999	101324.859	101325.022	0.140394802	0	0	0	0	0	3
13	9	0	0.142022937	101325.014	101325.001	101324.859	101325.022	0.141502083	0	0	0	0	0	3
14	9	0	0.152947778	101325.009	101325.001	101324.859	101325.022	0.142073398	0	0	0	0	0	3
15	10	0	0.16387262	101325.012	101325.002	101324.859	101325.022	0.1427884	0	0	0	0	0	3
16	10	0	0.174797461	101325.009	101325.002	101324.859	101325.022	0.143212153	0	0	0	0	0	3
17	11	0	0.185722302	101325.01	101325.003	101324.859	101325.022	0.143652929	0	0	0	0	0	3
18	11	0	0.196647143	101325.008	101325.003	101324.859	101325.022	0.143970643	0	0	0	0	0	3
19	11	0	0.207571985	101325.009	101325.003	101324.859	101325.022	0.144294824	0	0	0	0	0	3
20	12	0	0.218496826	101325.009	101325.004	101324.859	101325.022	0.144561633	0	0	0	0	0	3
21	13	0	0.229421667	101325.009	101325.004	101324.859	101325.022	0.144830719	0	0	0	0	0	3
22	13	0	0.240346509	101325.009	101325.004	101324.859	101325.022	0.14507864	0	0	0	0	0	3
23	14	0	0.25127135	101325.009	101325.004	101324.859	101325.022	0.145309892	0	0	0	0	0	3
24	14	0	0.262196191	101325.01	101325.005	101324.859	101325.022	0.145526724	0	0	0	0	0	3
25	15	0	0.273121033	101325.009	101325.005	101324.859	101325.022	0.145720608	0	0	0	0	0	3
26	15	0	0.284045874	101325.009	101325.005	101324.859	101325.022	0.145890333	0	0	0	0	0	3
27	16	0	0.294970715	101325.009	101325.005	101324.859	101325.022	0.146029261	0	0	0	0	0	3
28	16	0	0.305895557	101325.008	101325.005	101324.859	101325.022	0.146131585	0	0	0	0	0	3
29	17	0	0.316820398	101325.007	101325.005	101324.859	101325.022	0.146202557	0	0	0	0	0	3
30	17	0	0.327745239	101325.007	101325.005	101324.859	101325.022	0.146253499	0	0	0	0	0	3
31	18	0	0.33867008	101325.007	101325.005	101324.859	101325.022	0.146291675	0	0	0	0	0	3
32	18	0	0.349594922	101325.006	101325.005	101324.859	101325.022	0.146319231	0	0	0	0	0	3
33	19	0	0.360519763	101325.006	101325.005	101324.859	101325.022	0.146334549	0	0	0	0	0	3
34	19	0	0.371444604	101325.006	101325.005	101324.859	101325.022	0.146345341	0	0	0	0	0	3
35	20	0	0.382369446	101325.006	101325.005	101324.859	101325.022	0.146354332	0	0	0	0	0	3
36	21	0	0.393294287	101325.006	101325.005	101324.859	101325.022	0.146368585	0	0	0	0	0	3
37	21	0	0.404219128	101325.006	101325.005	101324.859	101325.022	0.146385229	0	0	0	0	0	3
38	22	0	0.41514397	101325.006	101325.005	101324.859	101325.022	0.146403449	0	0	0	0	0	3
39	22	0	0.426068811	101325.006	101325.006	101324.859	101325.022	0.146423275	0	0	0	0	0	3
40	23	0	0.436993652	101325.006	101325.006	101324.859	101325.022	0.146444572	0	0	0	0	0	3
41	23	0	0.447918493	101325.007	101325.006	101324.859	101325.022	0.146470461	0	0	0	0	0	3
42	24	0	0.458843335	101325.007	101325.006	101324.859	101325.022	0.146502661	0	0	0	0	0	3
43	25	0	0.469768176	101325.007	101325.006	101324.859	101325.022	0.146539506	0	0	0	0	0	3
44	25	0	0.480693017	101325.007	101325.006	101324.859	101325.022	0.146578964	0	0	0	0	0	3
45	26	0	0.491617859	101325.008	101325.006	101324.859	101325.022	0.14662243	0	0	0	0	0	3
46	26	0	0.5025427	101325.008	101325.006	101324.859	101325.022	0.146666499	0	0	0	0	0	3
47	27	0	0.513467541	101325.007	101325.009	101325.003	101325.022	0.0188478501	0	0	0	0	0	3
48	28	0	0.524392383	101325.007	101325.009	101325.006	101325.022	0.0164685203	0	0	0	0	0	3
49	28	0	0.535317224	101325.007	101325.009	101325.006	101325.018	0.0121671761	0	0	0	0	0	3
50	29	0	0.546242065	101325.007	101325.009	101325.006	101325.018	0.0121671761	0	0	0	0	0	3
51	29	0	0.557166906	101325.007	101325.008	101325.006	101325.018	0.0120284597	0	0	0	0	0	3
52	30	0	0.568091748	101325.007	101325.008	101325.006	101325.018	0.0120284597	0	0	0	0	0	3
53	31	0	0.579016589	101325.007	101325.008	101325.006	101325.018	0.0118801753	0	0	0	0	0	3
54	31	0	0.58994143	101325.007	101325.008	101325.006	101325.018	0.0118801753	0	0	0	0	0	3
55	32	0	0.600866272	101325.008	101325.008	101325.006	101325.016	0.00995685873	0	0	0	0	0	3
56	32	0	0.611791113	101325.007	101325.008	101325.006	101325.016	0.00995685873	0	0	0	0	0	3
57	33	0	0.622715954	101325.007	101325.008	101325.006	101325.014	0.00812942753	0	0	0	0	0	3
58	34	0	0.633640796	101325.007	101325.008	101325.006	101325.014	0.00812942753	0	0	0	0	0	3
59	34	0	0.644565637	101325.006	101325.008	101325.006	101325.012	0.00613838977	0	0	0	0	0	3
60	35	0	0.655490478	101325.007	101325.008	101325.006	101325.012	0.00613838977	0	0	0	0	0	3
61	35	0	0.66641532	101325.007	101325.007	101325.006	101325.01	0.00404532753	0	0	0	0	0	3
62	36	0	0.677340161	101325.007	101325.007	101325.006	101325.01	0.00404532753	0	0	0	0	0	3
63	36	0	0.688265002	101325.008	101325.007	101325.006	101325.01	0.00385383365	0	0	0	0	0	3
64	37	0	0.699189843	101325.007	101325.007	101325.006	101325.01	0.00385383365	0	0	0	0	0	3
65	38	0	0.710114685	101325.007	101325.007	101325.006	101325.01	0.00385383365	0	0	0	0	0	3
66	38	0	0.721039526	101325.007	101325.007	101325.006	101325.01	0.00385383365	0	0	0	0	0	3
67	39	0	0.731964367	101325.007	101325.007	101325.006	101325.01	0.00385383365	0	0	0	0	0	3
68	39	0	0.742889209	101325.007	101325.007	101325.006	101325.01	0.00385383365	0	0	0	0	0	3
69	40	0	0.75381405	101325.008	101325.007	101325.006	101325.01	0.00385383365	0	0	0	0	0	3
70	40	0	0.764738891	101325.007	101325.007	101325.006	101325.009	0.0037137998	0	0	0	0	0	3
71	41	0	0.775663733	101325.007	101325.007	101325.006	101325.009	0.00347341997	0	0	0	0	0	3
72	42	0	0.786588574	101325.006	101325.007	101325.006	101325.009	0.00298136375	0	0	0	0	0	3
73	42	0	0.797513415	101325.006	101325.007	101325.006	101325.008	0.0022343188	0	0	0	0	0	3
74	43	0	0.808438256	101325.006	101325.007	101325.006	101325.008	0.00198958049	0	0	0	0	0	3
75	43	0	0.819363098	101325.007	101325.007	101325.006	101325.008	0.00198958049	0	0	0	0	0	3
76	44	0	0.830287939	101325.007	101325.007	101325.006	101325.008	0.00198958049	0	0	0	0	0	3
77	45	0	0.84121278	101325.007	101325.007	101325.006	101325.008	0.00198958049	0	0	0	0	0	3
78	45	0	0.852137622	101325.007	101325.007	101325.006	101325.008	0.00198958049	0	0	0	0	0	3
79	46	0	0.863062463	101325.007	101325.007	101325.006	101325.008	0.00198958049	0	0	0	0	0	3
80	46	0	0.873987304	101325.007	101325.007	101325.006	101325.008	0.00198958049	0	0	0	0	0	3
81	47	0	0.884912146	101325.007	101325.007	101325.006	101325.008	0.00178217853	0	0	0	0	0	3
82	47	0	0.895836987	101325.007	101325.007	101325.006	101325.008	0.00166516357	0	0	0	0	0	3
83	48	0	0.906761828	101325.007	101325.007	101325.006	101325.008	0.00162890949	0	0	0	0	0	3
84	49	0	0.91768667	101325.007	101325.007	101325.006	101325.008	0.00162890949	0	0	0	0	0	3
85	49	0	0.928611511	101325.008	101325.007	101325.006	101325.008	0.00162890949	0	0	0	0	0	3
86	50	0	0.939536352	101325.007	101325.007	101325.006	101325.008	0.00162890949	0	0	0	0	0	3
87	50	0	0.950461193	101325.007	101325.007	101325.006	101325.008	0.00162890949	0	0	0	0	0	3
88	51	0	0.961386035	101325.006	101325.007	101325.006	101325.008	0.00162890949	0	0	0	0	0	3
89	52	0	0.972310876	101325.006	101325.007	101325.006	101325.008	0.00162890949	0	0	0	0	0	3
90	52	0	0.983235717	101325.007	101325.007	101325.006	101325.008	0.00162890949	0	0	0	0	0	3
91	53	0	0.994160559	101325.007	101325.007	101325.006	101325.008	0.00162890949	0	0	0	0	0	3
92	53	0	1.0050854	101325.007	101325.007	101325.006	101325.008	0.00146713413	0.00101325007	0	0	0	0	3
93	54	0	1.01601024	101325.007	101325.007	101325.006	101325.008	0.00146713413	0.00101325007	0	0	0	0	3
94	55	0	1.02693508	101325.007	101325.007	101325.006	101325.008	0.00146713413	0.00101325007	0	0	0	0	3
95	55	0	1.03785992	101325.006	101325.007	101325.006	101325.008	0.00146713413	0.00101325006	0	0	0	0	3
96	56	0	1.04878477	101325.006	101325.007	101325.006	101325.008	0.00146713413	0.00101325006	0	0	0	0	3
97	56	0	1.05970961	101325.007	101325.007	101325.006	101325.008	0.00146713413	0.00101325007	0	0	0	0	3
98	57	0	1.07063445	101325.007	101325.007	101325.006	101325.008	0.0014145634	0.00101325007	0	0	0	0	3
99	57	0	1.08155929	101325.007	101325.007	101325.006	101325.008	0.00139258834	0.00101325007	0	0	0	0	3
100	58	0	1.09248413	101325.008	101325.007	101325.006	101325.008	0.00117405858	0.00101325008	0	0	0	0	3
101	59	0	1.10340897	101325.007	101325.007	101325.006	101325.008	0.00117054716	0.00101325007	0	0	0	0	3
102	60	0	1.11433381	101325.007	101325.007	101325.006	101325.008	0.000977766394	0.00101325007	0	0	0	0	3
103	61	0	1.12525865	101325.006	101325.007	101325.006	101325.008	0.000940576661	0.00101325006	0	0	0	0	3
104	61	0	1.1361835	101325.006	101325.007	101325.006	101325.008	0.000778121728	0.00101325006	0	0	0	0	3
105	62	0	1.14710834	101325.007	101325.007	101325.006	101325.008	0.00073359524	0.00101325007	0	0	0	0	3
106	62	0	1.15803318	101325.007	101325.007	101325.006	101325.008	0.000625717876	0.00101325007	0	0	0	0	3
107	63	0	1.16895802	101325.008	101325.007	101325.006	101325.008	0.000596715981	0.00101325008	0	0	0	0	3
108	63	0	1.17988286	101325.008	101325.007	101325.006	101325.008	0.000547034564	0.00101325008	0	0	0	0	3
109	64	0	1.1908077	101325.007	101325.007	101325.006	101325.008	0.000519857233	0.00101325007	0	0	0	0	3
110	65	0	1.20173254	101325.007	101325.007	101325.006	101325.008	0.000467013539	0.00101325007	0	0	0	0	3
111	65	0	1.21265738	101325.007	101325.007	101325.006	101325.008	0.000419988501	0.00101325007	0	0	0	0	3
112	66	0	1.22358223	101325.007	101325.007	101325.006	101325.008	0.000365503642	0.00101325007	0	0	0	0	3
113	67	0	1.23450707	101325.007	101325.007	101325.006	101325.008	0.000319681072	0.00101325007	0	0	0	0	3
114	67	0	1.24543191	101325.007	101325.007	101325.006	101325.008	0.000277349769	0.00101325007	0	0	0	0	3
115	68	0	1.25635675	101325.008	101325.007	101325.006	101325.008	0.000227565848	0.00101325008	0	0	0	0	3
116	68	0	1.26728159	101325.008	101325.007	101325.006	101325.008	0.000219134105	0.00101325008	0	0	0	0	3
117	69	0	1.27820643	101325.007	101325.007	101325.006	101325.008	0.000219134105	0.00101325007	0	0	0	0	3
118	70	0	1.28913127	101325.007	101325.007	101325.006	101325.008	0.000219134105	0.00101325007	0	0	0	0	3
119	70	0	1.30005612	101325.007	101325.007	101325.006	101325.008	0.000219134105	0.00101325007	0	0	0	0	3
120	71	0	1.31098096	101325.007	101325.007	101325.006	101325.008	0.000222006987	0.00101325007	0	0	0	0	3
121	71	0	1.3219058	101325.007	101325.007	101325.006	101325.008	0.000216190194	0.00101325007	0	0	0	0	3
122	72	0	1.33283064	101325.008	101325.007	101325.006	101325.008	0.00020514628	0.00101325008	0	0	0	0	3
123	73	0	1.34375548	101325.008	101325.007	101325.006	101325.008	0.000198338283	0.00101325008	0	0	0	0	3
124	73	0	1.35468032	101325.008	101325.007	101325.006	101325.008	0.000196672889	0.00101325008	0	0	0	0	3
125	74	0	1.36560516	101325.008	101325.007	101325.006	101325.008	0.00020138541	0.00101325008	0	0	0	0	3
126	75	0	1.37653	101325.007	101325.007	101325.006	101325.008	0.000199140501	0.00101325007	0	0	0	0	3
127	75	0	1.38745485	101325.007	101325.007	101325.006	101325.008	0.000199661677	0.00101325007	0	0	0	0	3
128	76	0	1.39837969	101325.007	101325.007	101325.006	101325.008	0.000199661677	0.00101325007	0	0	0	0	3
129	77	0	1.40930453	101325.007	101325.007	101325.006	101325.008	0.000199661677	0.00101325007	0	0	0	0	3
130	77	0	1.42022937	101325.007	101325.007	101325.006	101325.008	0.000199661677	0.00101325007	0	0	0	0	3
131	78	0	1.43115421	101325.008	101325.007	101325.006	101325.008	0.000199661677	0.00101325008	0	0	0	0	3
132	78	0	1.44207905	101325.008	101325.007	101325.006	101325.008	0.000213098247	0.00101325008	0	0	0	0	3
133	79	0	1.45300389	101325.008	101325.007	101325.006	101325.008	0.000240297551	0.00101325008	0	0	0	0	3
134	80	0	1.46392873	101325.007	101325.007	101325.006	101325.008	0.000264570161	0.00101325007	0	0	0	0	3
135	80	0	1.47485358	101325.007	101325.007	101325.006	101325.008	0.000274560545	0.00101325007	0	0	0	0	3
136	81	0	1.48577842	101325.007	101325.007	101325.006	101325.008	0.000274560545	0.00101325007	0	0	0	0	3
137	81	0	1.49670326	101325.007	101325.007	101325.006	101325.008	0.000274560545	0.00101325007	0	0	0	0	3
138	82	0	1.5076281	101325.007	101325.007	101325.006	101325.008	0.000274560545	0.00101325007	0	0	0	0	3
139	83	0	1.51855294	101325.008	101325.007	101325.006	101325.008	0.000282643305	0.00101325008	0	0	0	0	3
140	83	0	1.52947778	101325.008	101325.007	101325.006	101325.008	0.000313336699	0.00101325008	0	0	0	0	3
141	84	0	1.54040262	101325.008	101325.007	101325.006	101325.008	0.0003484224	0.00101325008	0	0	0	0	3
